name: chimeraTE
channels:
  - conda-forge
  - bioconda
  - defaults
dependencies:
  - _libgcc_mutex=0.1=conda_forge
  - _openmp_mutex=4.5=2_gnu
  - bedtools=2.30.0=h468198e_3
  - blast=2.13.0=hf3cf87c_0
  - boost-cpp=1.74.0=h6cacc03_7
  - bowtie=1.3.1=py36h7144ea4_4
  - bowtie2=2.5.1=py36hb79b6da_0
  - bzip2=1.0.8=h7f98852_4
  - c-ares=1.18.1=h7f98852_0
  - ca-certificates=2022.12.7=ha878542_0
  - cached-property=1.5.2=hd8ed1ab_1
  - cached_property=1.5.2=pyha770c72_1
  - certifi=2021.5.30=py36h5fab9bb_0
  - cufflinks=2.2.1=py36_2
  - curl=7.87.0=h6312ad2_0
  - entrez-direct=16.2=he881be0_1
  - express=1.5.1=h9f5acd7_4
  - gettext=0.21.1=h27087fc_0
  - gmp=6.1.2=hf484d3e_1000
  - gnutls=3.5.19=h2a4e5f8_1
  - h5py=3.1.0=nompi_py36hc1bc4f5_100
  - hdf5=1.10.6=nompi_h6a2412b_1114
  - hmmer=3.3.2=h87f3376_2
  - htslib=1.17=h6bc39ce_0
  - icu=69.1=h9c3ff4c_0
  - keyutils=1.6.1=h166bdaf_0
  - kmer-jellyfish=2.3.0=h9f5acd7_3
  - krb5=1.20.1=hf9c8cef_0
  - ld_impl_linux-64=2.40=h41732ed_0
  - libblas=3.9.0=16_linux64_openblas
  - libcblas=3.9.0=16_linux64_openblas
  - libcurl=7.87.0=h6312ad2_0
  - libdeflate=1.13=h166bdaf_0
  - libedit=3.1.20191231=he28a2e2_2
  - libev=4.33=h516909a_1
  - libffi=3.4.2=h7f98852_5
  - libgcc-ng=12.2.0=h65d4601_19
  - libgfortran-ng=12.2.0=h69a702a_19
  - libgfortran5=12.2.0=h337968e_19
  - libgomp=12.2.0=h65d4601_19
  - libidn2=2.3.4=h166bdaf_0
  - libjemalloc=5.3.0=hcb278e6_0
  - liblapack=3.9.0=16_linux64_openblas
  - libnghttp2=1.51.0=hdcd2b5c_0
  - libnsl=2.0.0=h7f98852_0
  - libopenblas=0.3.21=pthreads_h78a6416_3
  - libsqlite=3.40.0=h753d276_0
  - libssh2=1.10.0=haa6b8db_3
  - libstdcxx-ng=12.2.0=h46fd767_19
  - libunistring=0.9.10=h7f98852_0
  - libzlib=1.2.13=h166bdaf_4
  - ncurses=6.3=h27087fc_1
  - nettle=3.3=0
  - numpy=1.19.5=py36hfc0c790_2
  - openjdk=11.0.1=h516909a_1016
  - openssl=1.1.1t=h0b41bf4_0
  - pandas=1.1.5=py36h284efc9_0
  - pcre=8.45=h9c3ff4c_0
  - perl=5.32.1=2_h7f98852_perl5
  - perl-archive-tar=2.40=pl5321hdfd78af_0
  - perl-carp=1.50=pl5321hd8ed1ab_0
  - perl-common-sense=3.75=pl5321hd8ed1ab_0
  - perl-compress-raw-bzip2=2.201=pl5321h166bdaf_0
  - perl-compress-raw-zlib=2.202=pl5321h166bdaf_0
  - perl-encode=3.19=pl5321h166bdaf_0
  - perl-exporter=5.74=pl5321hd8ed1ab_0
  - perl-exporter-tiny=1.002002=pl5321hd8ed1ab_0
  - perl-extutils-makemaker=7.70=pl5321hd8ed1ab_0
  - perl-io-compress=2.201=pl5321h87f3376_0
  - perl-io-zlib=1.14=pl5321hdfd78af_0
  - perl-json=4.10=pl5321hdfd78af_0
  - perl-json-xs=2.34=pl5321h9f5acd7_5
  - perl-list-moreutils=0.430=pl5321hdfd78af_0
  - perl-list-moreutils-xs=0.430=pl5321hec16e2b_1
  - perl-parent=0.241=pl5321hd8ed1ab_0
  - perl-pathtools=3.75=pl5321h166bdaf_0
  - perl-scalar-list-utils=1.63=pl5321h166bdaf_0
  - perl-storable=3.15=pl5321h166bdaf_0
  - perl-types-serialiser=1.01=pl5321hdfd78af_0
  - pip=20.0.2=py36_1
  - pybedtools=0.9.0=py36h7281c5b_1
  - pysam=0.20.0=py36h50b03f4_0
  - python=3.6.15=hb7a2778_0_cpython
  - python-dateutil=2.8.2=pyhd8ed1ab_0
  - python_abi=3.6=2_cp36m
  - pytz=2023.3=pyhd8ed1ab_0
  - readline=8.2=h8228510_1
  - repeatmasker=4.1.2.p1=pl5321hdfd78af_1
  - rmblast=2.11.0=h6200dbe_0
  - salmon=1.10.1=h7e5ed60_0
  - samtools=1.17=h00cdaf9_0
  - seqtk=1.3=h7132678_4
  - setuptools=49.6.0=py36h5fab9bb_3
  - six=1.16.0=pyh6c4a22f_0
  - sqlite=3.40.0=h4ff8645_0
  - star=2.7.10b=h9ee0642_0
  - tbb=2021.7.0=h924138e_0
  - termcolor=1.1.0=pyhd8ed1ab_3
  - tk=8.6.12=h27826a3_0
  - trf=4.09.1=hec16e2b_2
  - trimmomatic=0.39=hdfd78af_2
  - trinity=2.9.1=h8b12597_1
  - wget=1.20.3=ha56f1ee_1
  - wheel=0.34.2=py36_0
  - xz=5.2.6=h166bdaf_0
  - zlib=1.2.13=h166bdaf_4
  - zstd=1.5.2=h3eb15da_6
prefix: /home/oliveirads/miniconda3/envs/chimeraTE
