name: chimeraTE
channels:
  - conda-forge
  - bioconda
  - default
  - defaults
dependencies:
  - _libgcc_mutex=0.1=conda_forge
  - _openmp_mutex=4.5=2_gnu
  - bedtools=2.30.0=h468198e_3
  - blast=2.13.0=hf3cf87c_0
  - boost-cpp=1.74.0=h6cacc03_7
  - bowtie=1.3.1=py36h89b54cb_2
  - bowtie2=2.4.5=py36hfca12d5_3
  - bzip2=1.0.8=h7f98852_4
  - c-ares=1.18.1=h7f98852_0
  - ca-certificates=2022.6.15=ha878542_0
  - cached-property=1.5.2=hd8ed1ab_1
  - cached_property=1.5.2=pyha770c72_1
  - cufflinks=2.2.1=py36_2
  - curl=7.83.1=h7bff187_0
  - entrez-direct=16.2=he881be0_1
  - express=1.5.1=h9f5acd7_4
  - gettext=0.19.8.1=h73d1719_1008
  - gmp=6.1.2=hf484d3e_1000
  - gnutls=3.5.19=h2a4e5f8_1
  - h5py=3.1.0=nompi_py36hc1bc4f5_100
  - hdf5=1.10.6=nompi_h6a2412b_1114
  - hmmer=3.3.2=h87f3376_2
  - htslib=1.10.2=hd3b49d5_1
  - icu=69.1=h9c3ff4c_0
  - keyutils=1.6.1=h166bdaf_0
  - kmer-jellyfish=2.3.0=h9f5acd7_3
  - krb5=1.19.3=h3790be6_0
  - ld_impl_linux-64=2.36.1=hea4e1c9_2
  - libblas=3.9.0=16_linux64_openblas
  - libcblas=3.9.0=16_linux64_openblas
  - libcurl=7.83.1=h7bff187_0
  - libdeflate=1.6=h516909a_0
  - libedit=3.1.20191231=he28a2e2_2
  - libev=4.33=h516909a_1
  - libffi=3.4.2=h7f98852_5
  - libgcc-ng=12.1.0=h8d9b700_16
  - libgfortran-ng=12.1.0=h69a702a_16
  - libgfortran5=12.1.0=hdcd56e2_16
  - libgomp=12.1.0=h8d9b700_16
  - libidn2=2.3.3=h166bdaf_0
  - libjemalloc=5.2.1=h9c3ff4c_6
  - liblapack=3.9.0=16_linux64_openblas
  - libnghttp2=1.47.0=hdcd2b5c_1
  - libnsl=2.0.0=h7f98852_0
  - libopenblas=0.3.21=pthreads_h78a6416_3
  - libssh2=1.10.0=haa6b8db_3
  - libstdcxx-ng=12.1.0=ha89aaad_16
  - libunistring=0.9.10=h7f98852_0
  - libzlib=1.2.12=h166bdaf_2
  - ncurses=6.2=h58526e2_4
  - nettle=3.3=0
  - numpy=1.19.5=py36hfc0c790_2
  - openjdk=11.0.1=h516909a_1016
  - openssl=1.1.1q=h166bdaf_0
  - pcre=8.45=h9c3ff4c_0
  - perl=5.32.1=2_h7f98852_perl5
  - perl-archive-tar=2.40=pl5321hdfd78af_0
  - perl-common-sense=3.75=pl5321hdfd78af_0
  - perl-compress-raw-bzip2=2.201=pl5321h87f3376_1
  - perl-compress-raw-zlib=2.105=pl5321h87f3376_0
  - perl-encode=3.19=pl5321hec16e2b_1
  - perl-exporter=5.72=pl5321hdfd78af_2
  - perl-exporter-tiny=1.002002=pl5321hdfd78af_0
  - perl-io-compress=2.106=pl5321h87f3376_1
  - perl-io-zlib=1.11=pl5321hdfd78af_0
  - perl-json=4.09=pl5321hdfd78af_0
  - perl-json-xs=2.34=pl5321h9f5acd7_5
  - perl-list-moreutils=0.430=pl5321hdfd78af_0
  - perl-list-moreutils-xs=0.430=pl5321hec16e2b_1
  - perl-parent=0.236=pl5321hdfd78af_2
  - perl-pathtools=3.40=0
  - perl-scalar-list-utils=1.62=pl5321hec16e2b_1
  - perl-threaded=5.32.1=hdfd78af_1
  - perl-types-serialiser=1.01=pl5321hdfd78af_0
  - pip=21.3.1=pyhd8ed1ab_0
  - python=3.6.15=hb7a2778_0_cpython
  - python_abi=3.6=2_cp36m
  - readline=8.1=h46c0cb4_0
  - repeatmasker=4.1.2.p1=pl5321hdfd78af_1
  - rmblast=2.11.0=h6200dbe_0
  - salmon=1.7.0=h10bb6b4_1
  - samtools=1.10=h2e538c0_3
  - seqtk=1.3=h7132678_4
  - setuptools=58.0.4=py36h5fab9bb_2
  - sqlite=3.37.0=h9cd32fc_0
  - tbb=2020.2=h4bd325d_4
  - tk=8.6.12=h27826a3_0
  - trf=4.09.1=hec16e2b_2
  - trimmomatic=0.39=hdfd78af_2
  - trinity=2.11.0=h5ef6573_0
  - wget=1.20.3=ha56f1ee_1
  - wheel=0.37.1=pyhd8ed1ab_0
  - xz=5.2.6=h166bdaf_0
  - zlib=1.2.12=h166bdaf_2
  - zstd=1.5.2=h6239696_4
prefix: /home/oliveirads/miniconda3/envs/chimeraTE
